#Charset:UTF-8
ぬぃ.wav=,167.6,53.5,209.0,42.9,10.3
ふぁ.wav=,134.8,94.1,373.8,59.2,6.2
ずぃぇ.wav=,103.9,84.5,276.7,46.0,9.2
しぇ.wav=,336.3,203.4,251.8,162.3,3.7
き.wav=,362.8,107.8,374.0,78.2,3.0
け゜.wav=,120.4,68.8,295.1,35.8,19.4
リャ.wav=,160.8,98.4,273.1,66.5,8.2
くぁ.wav=,371.9,156.8,451.9,59.0,40.7
ぐぁ.wav=,119.9,114.9,583.4,78.9,13.4
うゃ.wav=,180.7,70.5,405.1,38.5,24.7
ルェ.wav=,162.5,86.8,353.5,82.2,10.3
う息短.wav=,250.6,37.0,363.8,17.3,9.4
ヴぉ.wav=,220.8,57.6,209.8,43.5,10.6
せ.wav=,206.5,185.2,342.9,157.0,11.0
き゜ゃ.wav=,148.2,68.8,230.2,42.8,13.5
え息.wav=,319.4,36.4,605.9,21.3,14.2
ゆぉ.wav=,214.4,62.1,481.1,54.0,8.9
息吐短.wav=,52.9,50.7,36.8,37.6,8.1
つゅ.wav=,147.4,114.1,303.3,93.3,6.3
つょ.wav=,131.8,105.3,271.1,79.5,9.3
ちぇ.wav=,142.6,98.3,211.3,74.0,7.7
びぇ.wav=,120.6,60.3,474.9,48.8,9.0
い息短.wav=,381.6,44.2,525.8,18.1,12.2
す.wav=,251.8,232.9,310.7,206.6,12.0
ぐぃ.wav=,274.5,90.7,720.4,58.9,32.8
でゅ.wav=,203.3,36.1,230.8,22.8,8.2
くぃ.wav=,147.8,107.2,353.5,34.5,17.9
い息.wav=,349.8,55.9,912.6,36.8,26.8
く.wav=,339.7,173.1,441.5,69.4,3.1
ふぃ.wav=,216.9,107.2,322.9,88.4,7.8
で.wav=,297.0,34.6,318.6,18.4,4.6
ぬぁ.wav=,454.7,57.9,257.1,36.4,5.1
るぉ.wav=,193.0,48.3,433.5,28.3,7.2
ふぇ.wav=,291.0,144.0,455.5,110.5,9.5
ずぃぁ.wav=,202.0,57.7,256.2,36.1,4.9
ん↑.wav=,375.2,67.6,232.6,54.7,12.6
ぞ.wav=,118.3,69.1,136.3,45.6,15.2
づぃょ.wav=,303.0,71.1,260.5,49.3,10.2
か.wav=,448.9,88.4,336.8,59.1,6.4
くぇ.wav=,275.7,108.2,442.6,45.8,11.6
リュ.wav=,224.7,66.2,367.2,56.1,7.5
え2.wav=,342.4,81.8,353.3,34.6,19.4
ぐぇ.wav=,775.4,102.7,329.7,72.0,16.2
えっ.wav=,623.9,39.7,361.1,26.6,16.4
うn.wav=,324.7,58.2,401.6,32.0,21.6
うゅ.wav=,629.5,69.7,370.9,50.2,35.1
ルァ.wav=,161.7,97.8,356.5,78.0,10.7
お.wav=,627.6,42.3,300.0,23.9,12.8
そ.wav=,296.5,205.7,348.0,183.5,12.9
き゜ゅ.wav=,86.9,56.0,320.5,18.1,5.5
え息長.wav=,392.6,78.3,408.6,37.6,24.5
び.wav=,258.8,56.3,392.1,46.7,7.7
う吸.wav=,318.4,33.1,403.2,19.3,10.7
ん強.wav=,226.4,38.0,468.5,30.2,8.3
つゃ.wav=,174.2,116.2,268.2,90.2,8.4
あ息短.wav=,302.8,22.3,347.4,16.3,7.6
き゜ょ.wav=,147.4,62.1,355.7,26.6,16.6
た.wav=,320.9,28.1,343.9,14.7,7.1
げ.wav=,155.4,89.6,277.2,46.2,16.6
ぎぇ.wav=,470.3,95.9,278.6,47.8,13.9
え.wav=,188.4,45.2,213.5,14.7,3.1
すぉ.wav=,97.0,239.6,373.4,199.1,9.0
リェ.wav=,232.3,60.8,392.0,50.9,5.6
ルィ.wav=,281.5,55.9,297.1,40.7,8.1
うょ.wav=,354.8,98.4,291.8,46.9,37.9
お息長.wav=,612.8,46.7,477.0,32.2,17.9
い2.wav=,331.0,28.4,342.7,12.6,6.2
おn.wav=,148.1,59.6,410.6,33.8,18.7
いっ.wav=,282.6,44.3,513.6,13.4,21.9
リョ.wav=,239.4,69.8,406.4,56.1,7.0
づぃゅ.wav=,257.6,46.4,375.4,26.8,6.8
ぴ.wav=,163.9,61.0,274.0,35.6,6.6
ん↓.wav=,169.1,52.6,393.8,40.9,5.9
お吸.wav=,293.4,46.4,303.1,29.4,16.2
ぬぇ.wav=,248.3,65.5,298.9,56.2,8.4
てぃ.wav=,173.8,79.3,350.2,52.0,8.0
ぶぁ.wav=,405.5,78.3,292.3,46.0,6.3
ぶ.wav=,257.2,94.2,264.6,54.0,21.6
ぴょ.wav=,203.4,85.3,180.4,57.7,6.0
う↓.wav=,356.7,30.1,189.0,16.7,10.2
お強.wav=,225.3,38.2,634.7,18.8,8.7
も.wav=,110.6,72.6,387.8,35.9,10.6
へ.wav=,391.2,82.2,376.3,48.0,13.8
ふぃゅ.wav=,182.3,123.6,306.8,89.3,11.7
は.wav=,378.8,99.9,444.4,60.0,9.4
どぇ.wav=,279.9,39.0,299.5,17.7,6.9
ぐ.wav=,138.0,173.0,237.4,133.4,22.8
ぢゃ.wav=,192.4,55.2,335.1,32.4,9.5
きょ.wav=,215.4,85.2,500.4,29.5,17.0
あ息.wav=,107.3,17.8,240.4,11.0,5.3
の.wav=,323.0,38.9,394.9,28.4,9.0
お↑.wav=,273.2,55.8,747.8,31.9,21.2
りゅ.wav=,249.7,30.2,346.2,12.5,6.3
ひぇ.wav=,184.6,129.8,187.9,100.3,8.8
にぇ.wav=,187.0,44.1,400.8,32.4,8.4
りょ.wav=,220.3,31.4,453.2,19.3,10.0
ぷ.wav=,105.0,62.9,411.3,38.7,7.6
づぉ.wav=,221.0,67.9,336.1,47.6,8.1
ん吸.wav=,245.1,35.2,423.4,21.0,7.3
め.wav=,196.2,62.8,392.6,51.2,7.8
う強.wav=,385.5,23.5,354.4,15.0,10.1
お↓.wav=,427.0,94.7,444.7,53.4,31.9
ほ.wav=,333.5,82.9,381.9,48.9,8.0
ぬ.wav=,364.5,60.2,555.5,45.1,9.6
きゅ.wav=,242.8,104.8,254.2,68.6,-2.4
いぇ.wav=,231.5,44.4,477.7,19.9,8.4
どぅ.wav=,98.8,44.5,195.9,30.6,12.5
ね.wav=,241.2,46.8,428.2,35.2,9.5
ふぃょ.wav=,233.0,120.5,473.7,99.9,9.2
む.wav=,222.3,27.1,464.3,13.4,8.4
う↑.wav=,473.6,44.4,445.3,21.4,13.6
ぴゅ.wav=,207.5,104.4,369.4,74.8,6.2
むぉ.wav=,225.2,58.2,509.8,33.6,10.2
ぶぃ.wav=,987.2,87.9,316.2,53.1,17.6
つぉ.wav=,102.7,126.8,346.7,86.1,9.5
じぇ.wav=,137.3,82.6,297.6,52.4,12.6
ぶぇ.wav=,242.4,63.7,319.7,28.8,7.4
みぇ.wav=,228.1,47.2,305.5,37.6,5.5
や.wav=,179.0,47.5,316.3,19.4,5.4
え（あ）.wav=,460.6,38.8,305.1,15.5,11.7
ん.wav=,329.2,34.0,339.1,21.1,8.0
じ.wav=,144.4,102.6,274.2,75.8,8.9
ふぃゃ.wav=,120.4,90.4,951.9,77.5,3.5
ま.wav=,415.6,46.5,425.6,39.4,5.4
く゜ぉ.wav=,221.3,83.0,321.7,38.3,13.4
どぁ.wav=,172.4,180.9,231.7,114.4,13.2
あっ.wav=,373.2,17.5,315.5,11.8,6.6
ぢゅ.wav=,230.7,58.2,329.0,42.3,5.7
み.wav=,220.5,44.7,396.8,38.0,5.2
息吸短.wav=,2163.6,117.2,909.8,60.4,35.9
と.wav=,357.8,61.3,447.7,29.2,20.1
を.wav=,540.5,60.7,285.5,32.2,14.6
ん息長.wav=,390.8,45.6,476.9,36.4,9.0
ヴ.wav=,238.1,102.9,179.4,49.3,7.5
りゃ.wav=,179.7,56.0,370.0,28.8,4.8
べ.wav=,88.4,33.5,234.7,26.5,5.7
ずぉ.wav=,305.6,57.4,238.5,41.0,5.5
ぢ.wav=,208.3,52.0,246.9,17.9,7.7
ぜ.wav=,140.4,49.6,246.0,28.8,8.3
ゐ.wav=,227.6,38.6,349.8,27.5,6.9
な.wav=,298.5,63.2,330.7,50.3,10.6
きゃ.wav=,125.8,80.6,361.6,55.8,3.1
ぢょ.wav=,334.2,63.8,389.3,36.0,10.4
く゜.wav=,121.3,98.0,304.7,58.9,25.1
うぉ.wav=,282.1,53.8,563.1,25.1,16.3
どぃ.wav=,186.7,31.2,302.2,17.0,6.2
あ（え）.wav=,196.5,59.9,472.7,15.1,9.2
に.wav=,126.0,58.1,368.6,19.2,7.5
ゑ.wav=,296.1,38.8,375.3,18.1,4.5
ゆ.wav=,147.6,40.0,434.8,34.2,7.4
ぴゃ.wav=,312.5,64.5,197.2,34.6,9.1
ぺ.wav=,164.8,32.0,278.2,28.1,6.5
ぷぉ.wav=,184.5,136.6,432.7,46.8,7.5
とぁ.wav=,251.6,107.1,339.9,70.9,4.1
ん2.wav=,119.7,55.6,263.4,42.0,7.3
ずぇ.wav=,257.4,72.0,349.8,38.2,15.0
る.wav=,233.0,94.9,495.7,48.1,6.6
づぃ.wav=,330.3,69.1,443.4,47.1,8.6
え↑.wav=,110.7,37.4,551.0,20.3,11.4
づぃぇ.wav=,55.1,61.1,289.0,50.9,6.1
て.wav=,189.1,61.0,408.7,26.9,15.6
ぎ.wav=,325.6,155.5,411.6,84.3,12.7
く゜ぇ.wav=,276.9,105.6,380.3,30.2,17.5
ぎゅ.wav=,251.5,85.9,402.4,55.1,13.8
り.wav=,305.7,66.5,303.6,55.1,5.5
え強.wav=,366.5,34.9,577.2,19.4,10.1
い↓.wav=,230.7,24.2,278.5,14.3,7.8
びゃ.wav=,96.4,65.7,239.4,47.2,5.0
むぃ.wav=,549.5,75.5,434.3,28.7,12.8
ぶぉ.wav=,182.6,54.1,378.2,26.8,8.0
ぽ.wav=,142.3,58.2,267.0,34.8,5.0
ん3.wav=,272.2,72.2,351.6,55.4,8.2
つぃ.wav=,144.8,104.0,307.7,83.9,5.2
んっ.wav=,115.8,57.9,591.5,47.6,6.9
ちゃ.wav=,221.6,82.1,256.0,62.7,10.8
つぁ.wav=,181.5,119.2,320.2,84.6,10.0
ぷぇ.wav=,162.6,80.7,476.0,58.3,4.1
むぁ.wav=,153.7,40.0,334.2,23.4,6.2
よ.wav=,122.1,37.4,413.8,24.2,7.3
い↑.wav=,432.8,26.9,398.4,14.5,7.8
ぎょ.wav=,236.5,84.9,437.9,23.6,9.2
ひ.wav=,136.0,127.7,343.6,97.3,8.4
き゜ぇ.wav=,208.5,107.6,365.0,38.0,22.2
うぇ.wav=,153.7,73.9,831.2,37.3,25.4
でぃ.wav=,362.1,34.5,260.4,17.0,6.0
しゃ.wav=,116.3,174.5,364.6,151.0,10.0
え↓.wav=,486.2,82.9,501.9,36.4,20.2
つ.wav=,278.9,129.7,435.0,93.9,3.4
い強.wav=,465.9,27.5,141.7,12.2,3.4
づぁ.wav=,167.0,63.7,249.8,41.8,7.9
ら.wav=,192.2,26.2,438.6,20.0,8.1
ぼ.wav=,112.9,44.6,165.7,25.3,12.6
とぃ.wav=,137.6,99.2,227.2,70.8,6.4
とぇ.wav=,212.9,87.5,220.2,56.0,5.5
ずぁ.wav=,429.7,110.4,358.0,63.4,19.7
ずぃょ.wav=,374.0,78.7,217.9,51.1,4.9
ろ.wav=,471.9,82.7,341.8,28.9,11.9
しょ.wav=,77.5,176.1,155.2,151.3,6.9
づぃぁ.wav=,119.2,74.5,293.4,60.0,8.1
うぃ.wav=,222.5,37.2,449.4,19.1,8.6
く゜ぁ.wav=,309.2,96.1,695.8,30.7,9.4
ん息短.wav=,405.1,26.4,422.7,21.2,8.1
息吸長.wav=,584.2,123.4,1548.1,72.4,42.8
ち.wav=,266.6,132.9,609.0,102.8,10.9
ざ.wav=,285.5,59.4,191.1,35.8,2.8
れ.wav=,252.3,55.6,358.6,43.9,29.7
ぎゃ.wav=,47.9,80.8,290.8,49.1,3.6
びゅ.wav=,402.4,83.5,357.4,40.5,5.2
ん息.wav=,414.4,44.1,963.0,29.2,9.5
ぷぃ.wav=,192.8,71.9,427.4,48.2,3.3
ば.wav=,387.7,42.4,388.1,20.0,8.5
ちゅ.wav=,314.4,96.9,166.8,65.6,5.9
ちょ.wav=,232.2,92.6,316.6,70.3,7.6
つぇ.wav=,241.5,119.2,197.4,69.5,7.6
ぷぁ.wav=,378.3,72.9,395.1,48.4,7.3
あ吸.wav=,517.5,12.7,734.4,7.2,3.3
びょ.wav=,237.0,71.3,389.5,52.7,9.1
むぇ.wav=,259.7,53.2,242.8,21.6,8.8
あn.wav=,603.0,83.9,518.3,11.7,7.0
く゜ぃ.wav=,546.7,121.6,357.4,44.6,11.2
うぁ.wav=,194.6,57.2,271.4,10.8,5.4
き゜.wav=,113.6,134.6,356.8,33.2,19.0
息（吐）.wav=,673.9,133.7,880.9,36.3,15.8
ふ.wav=,361.9,65.7,501.9,41.7,6.0
しゅ.wav=,259.9,198.3,282.9,162.2,10.3
わ.wav=,419.3,57.8,286.9,48.0,9.7
ず.wav=,272.0,191.4,173.6,104.9,10.2
づぇ.wav=,178.0,103.3,309.7,77.0,8.7
ずぃゅ.wav=,315.4,58.9,280.2,35.8,5.1
ぱ.wav=,180.7,37.7,276.8,22.6,3.5
ずぃ.wav=,505.2,66.2,232.5,47.5,16.9
とぅ.wav=,226.7,122.7,261.8,96.6,6.5
てゅ.wav=,336.3,103.2,291.8,80.1,8.5
じょ.wav=,296.5,54.9,393.8,36.1,5.9
ど.wav=,88.6,119.9,311.2,94.4,9.6
みょ.wav=,180.6,39.9,344.8,24.6,8.9
ゆぁ.wav=,256.8,40.8,221.3,31.1,6.7
あ↑.wav=,219.0,48.5,324.1,24.2,10.7
お息.wav=,632.5,31.9,573.7,18.4,8.9
ヴぁ.wav=,104.9,111.4,330.5,65.8,6.7
こ.wav=,379.5,92.7,448.1,41.7,8.8
い.wav=,200.0,207.0,432.1,200.0,201.0
いゃ.wav=,262.2,56.6,495.8,29.7,23.4
ぐぉ.wav=,79.9,131.9,330.2,78.7,26.9
くぉ.wav=,205.0,145.3,406.0,89.9,34.1
こ゜.wav=,128.9,86.0,144.6,33.7,8.4
う息長.wav=,130.7,52.3,847.7,25.5,16.3
あ強.wav=,165.3,11.7,252.4,4.7,1.8
ラ.wav=,144.0,75.6,248.0,41.1,12.0
ふぉ.wav=,135.1,135.4,296.9,100.7,9.5
るぇ.wav=,264.7,53.7,420.0,23.6,7.4
息吐長.wav=,78.8,89.4,166.5,60.7,18.6
にゃ.wav=,208.9,38.5,209.9,26.8,8.7
づ.wav=,161.3,54.0,135.5,38.6,8.3
ぬぉ.wav=,121.3,30.8,205.2,25.0,6.3
ひゃ.wav=,101.9,150.7,243.1,120.8,10.3
ル.wav=,178.4,67.0,342.3,60.4,8.8
う息.wav=,736.4,66.6,479.1,24.8,18.7
ぢぇ.wav=,283.4,73.5,397.8,50.2,11.5
い息長.wav=,331.7,63.1,495.9,32.5,19.9
が.wav=,322.0,47.5,194.5,30.2,11.8
すぇ.wav=,172.5,200.5,366.1,170.1,11.0
う.wav=,386.8,49.9,367.7,24.1,14.2
ヴぃ.wav=,104.8,128.9,288.5,86.9,11.2
け.wav=,368.7,92.2,532.6,61.1,18.4
リ.wav=,229.9,43.8,386.9,35.9,8.2
あ↓.wav=,153.2,48.5,355.8,16.1,8.1
ゆぃ.wav=,177.5,35.9,306.1,26.1,7.2
息（吸）.wav=,770.1,129.5,775.8,92.6,19.8
みゅ.wav=,180.5,60.1,308.5,48.6,10.7
じゅ.wav=,262.5,66.6,205.4,43.5,10.1
ぴぇ.wav=,204.1,82.3,438.6,74.8,6.3
い吸.wav=,372.4,68.7,499.9,22.4,12.5
ゆぇ.wav=,140.1,54.7,305.2,44.7,8.3
あ.wav=,116.0,116.0,528.3,12.0,119.0
すぃ.wav=,262.5,206.7,404.7,179.5,12.3
さ.wav=,166.9,205.6,332.7,176.1,17.4
ヴぇ.wav=,144.5,84.0,229.8,52.7,11.0
いゅ.wav=,271.2,62.6,221.5,34.3,20.8
いn.wav=,371.9,25.5,443.2,14.3,5.3
ルォ.wav=,136.2,124.4,344.6,63.1,7.5
おっ.wav=,293.0,28.7,99.9,16.7,12.6
え息短.wav=,345.3,70.3,237.0,42.9,27.5
か゜.wav=,133.0,56.7,215.7,32.9,13.9
きぇ.wav=,325.5,93.3,247.4,48.9,0.1
だ.wav=,376.6,36.9,337.8,12.7,0.9
ひょ.wav=,277.2,170.9,400.1,136.0,11.9
るぁ.wav=,127.3,94.5,315.9,20.7,6.7
にゅ.wav=,303.0,64.6,312.7,49.5,11.1
あ息長.wav=,785.8,21.7,637.7,12.6,4.6
にょ.wav=,172.7,41.0,229.6,29.2,6.8
え吸.wav=,286.8,28.2,255.2,12.7,9.1
りぇ.wav=,204.1,30.8,347.7,24.4,6.5
るぃ.wav=,176.6,37.2,304.6,15.9,6.6
ひゅ.wav=,134.6,145.4,410.1,127.4,6.1
ロ.wav=,202.7,61.0,283.4,46.6,10.3
お息短.wav=,410.2,33.4,441.8,21.1,9.6
うっ.wav=,224.2,45.9,460.4,18.0,12.6
えn.wav=,414.8,48.4,323.4,35.3,21.6
う2.wav=,323.3,47.3,601.2,20.3,15.1
いょ.wav=,201.9,75.4,173.8,33.4,21.4
し.wav=,253.9,250.0,330.3,203.1,69.7
すぁ.wav=,50.9,211.9,199.1,168.3,10.1
ご.wav=,130.0,146.8,279.1,78.2,10.2
ふぃぇ.wav=,74.9,110.2,253.9,86.5,4.6
レ.wav=,294.1,85.2,402.2,69.4,7.2
みゃ.wav=,115.9,54.3,413.5,40.3,10.5
じゃ.wav=,196.6,80.9,313.4,54.3,6.0
